84;-0.00
169;-0.00
253;-0.01
338;-0.01
423;-0.00
507;-0.00
592;0.00
676;0.01
761;0.02
845;0.03
930;0.04
1015;0.05
1099;0.07
1184;0.10
1268;0.13
1353;0.16
1438;0.20
1522;0.26
1607;0.33
1691;0.40
1776;0.48
1860;0.57
1945;0.70
2030;0.80
2114;0.90
2199;1.02
2283;1.12
2368;1.22
2453;1.34
2537;1.47
2622;1.60
2706;1.71
2791;1.85
2876;1.97
2960;2.08
3045;2.20
3129;2.30
3214;2.41
3298;2.51
3383;2.61
3468;2.73
3552;2.84
3637;2.95
3721;3.07
3806;3.17
3891;3.26
3975;3.35
4060;3.42
4144;3.48
4229;3.53
4313;3.57
4398;3.61
4483;3.62
4567;3.64
4652;3.65
4736;3.66
4821;3.68
4906;3.70
4990;3.71
5075;3.71
5159;3.72
5244;3.72
5328;3.72
5413;3.73
5498;3.74
5582;3.74
5667;3.74
5751;3.75
5836;3.75
5921;3.75
6005;3.75
6090;3.76
6174;3.76
6259;3.77
6344;3.77
6428;3.78
6513;3.78
6597;3.78
6682;3.79
6766;3.79
6851;3.79
6936;3.79
7020;3.79
7105;3.79
7189;3.80
7274;3.79
7358;3.79
7443;3.79
7528;3.79
7612;3.80
7697;3.80
7781;3.79
7866;3.80
7951;3.80
8035;3.80
8120;3.80
8204;3.80
8289;3.80
8374;3.80
8458;3.81
8543;3.81
8627;3.81
84;-0.00
169;-0.00
253;-0.00
338;-0.01
423;-0.00
507;0.00
592;0.01
676;0.02
761;0.03
845;0.05
930;0.07
1015;0.10
1099;0.14
1184;0.20
1268;0.26
1353;0.33
1437;0.41
1522;0.52
1607;0.67
1691;0.83
1776;1.00
1860;1.17
1945;1.34
2030;1.53
2114;1.71
2199;1.88
2283;2.03
2368;2.19
2452;2.33
2537;2.46
2622;2.58
2706;2.70
2791;2.83
2875;2.95
2960;3.06
3045;3.18
3129;3.30
3214;3.40
3298;3.49
3383;3.55
3467;3.60
3552;3.65
3637;3.69
3721;3.72
3806;3.75
3890;3.76
3975;3.78
4059;3.81
4144;3.82
4229;3.84
4313;3.85
4398;3.86
4482;3.87
4567;3.87
4652;3.88
4736;3.88
4821;3.88
4905;3.88
4990;3.88
5074;3.88
5159;3.88
5244;3.88
5328;3.88
5413;3.89
5497;3.90
5582;3.90
5666;3.90
5751;3.91
5836;3.92
5920;3.92
6005;3.93
6089;3.93
6174;3.93
6259;3.93
6343;3.94
6428;3.94
6512;3.94
6597;3.94
6681;3.94
6766;3.94
6851;3.94
6935;3.95
7020;3.95
7104;3.95
7189;3.95
7273;3.95
7358;3.96
7443;3.96
7527;3.97
7612;3.97
7696;3.97
7781;3.97
7865;3.98
7950;3.98
8035;3.98
85;0.01
169;0.06
254;0.08
338;0.08
423;0.09
507;0.09
592;0.10
677;0.11
761;0.13
846;0.15
930;0.17
1015;0.21
1100;0.26
1184;0.30
1269;0.36
1353;0.44
1438;0.52
1522;0.62
1607;0.73
1692;0.85
1776;0.96
1861;1.07
1945;1.20
2030;1.35
2114;1.47
2199;1.59
2284;1.72
2368;1.86
2453;1.97
2537;2.09
2622;2.20
2706;2.27
2791;2.34
2876;2.41
2960;2.50
3045;2.59
3129;2.70
3214;2.80
3299;2.88
3383;2.94
3468;3.01
3552;3.07
3637;3.15
3721;3.26
3806;3.35
3891;3.43
3975;3.51
4060;3.60
4144;3.71
4229;3.80
4313;3.89
4398;3.99
4483;4.09
4567;4.16
4652;4.22
4736;4.30
4821;4.40
4906;4.49
4990;4.60
5075;4.72
5159;4.83
5244;4.93
5328;5.00
5413;5.08
5498;5.17
5582;5.24
5667;5.30
5751;5.37
5836;5.46
5920;5.54
6005;5.64
6090;5.73
6174;5.83
6259;5.95
6343;6.04
6428;6.13
6512;6.20
6597;6.24
6682;6.28
6766;6.32
6851;6.35
6935;6.38
7020;6.40
7105;6.43
7189;6.45
7274;6.46
7358;6.47
7443;6.48
7527;6.48
7612;6.48
7697;6.48
7781;6.49
7866;6.50
7950;6.50
8035;6.50
8119;6.50
8204;6.50
8289;6.50
8373;6.50
8458;6.51
8542;6.51
8627;6.51
8712;6.51
8796;6.51
8881;6.51
8965;6.51
9050;6.51
9134;6.52
9219;6.52
9304;6.52
9388;6.52
9473;6.52
9557;6.52
9642;6.52
9726;6.52
9811;6.52
9896;6.53
9980;6.53
10065;6.53
10149;6.53
10234;6.52
10318;6.52
10403;6.52
10488;6.53
10572;6.53
10657;6.53
10741;6.53
10826;6.53
10910;6.53
10995;6.53
84;0.04
169;0.23
254;0.28
338;0.25
423;0.24
508;0.26
592;0.27
677;0.28
761;0.29
846;0.31
931;0.34
1015;0.37
1100;0.41
1185;0.47
1269;0.53
1354;0.60
1438;0.68
1523;0.76
1608;0.82
1692;0.91
1777;1.00
1862;1.11
1946;1.23
2031;1.34
2115;1.44
2200;1.57
2285;1.71
2369;1.82
2454;1.91
2539;1.98
2623;2.08
2708;2.16
2792;2.28
2877;2.37
2962;2.44
3046;2.53
3131;2.64
3215;2.75
3300;2.84
3385;2.94
3469;3.03
3554;3.10
3639;3.21
3723;3.33
3808;3.43
3892;3.51
3977;3.62
4062;3.73
4146;3.82
4231;3.91
4316;3.98
4400;4.04
4485;4.11
4569;4.20
4654;4.29
4739;4.37
4823;4.46
4908;4.54
4993;4.62
5077;4.69
5162;4.76
5246;4.84
5331;4.92
5416;5.02
5500;5.12
5585;5.21
5670;5.29
5754;5.39
5839;5.48
5923;5.56
6008;5.66
6093;5.76
6177;5.85
6262;5.97
6347;6.07
6431;6.14
6516;6.20
6600;6.29
6685;6.39
6770;6.49
6854;6.58
6939;6.69
7024;6.78
7108;6.85
7193;6.94
7277;7.05
7362;7.14
7447;7.23
7531;7.32
7616;7.41
7700;7.50
7785;7.57
7870;7.63
7954;7.70
8039;7.80
8124;7.90
8208;7.99
8293;8.09
8377;8.19
8462;8.28
8547;8.35
8631;8.44
8716;8.53
8801;8.62
8885;8.72
8970;8.81
9054;8.88
9139;8.93
9224;8.98
9308;9.02
9393;9.06
9478;9.09
9562;9.12
9647;9.14
9731;9.16
9816;9.18
9901;9.20
9985;9.21
10070;9.21
10155;9.22
10239;9.23
10324;9.24
10408;9.25
10493;9.25
10578;9.25
10662;9.26
10747;9.26
10831;9.26
10916;9.27
11001;9.27
11085;9.27
11170;9.28
11255;9.29
11339;9.29
11424;9.30
11508;9.31
11593;9.31
11678;9.31
11762;9.31
11847;9.31
11932;9.32
12016;9.32
12101;9.32
12185;9.32
12270;9.32
12355;9.32
12439;9.32
12524;9.32
12609;9.32
12693;9.32
12778;9.32
12862;9.33
12947;9.33
13032;9.33
13116;9.33
13201;9.33
13286;9.33
13370;9.33
13455;9.33
13539;9.33
13624;9.34